-20130117134653
-20130117134703
-20130117134714
-20130117134719
-20130117134720
-20130117134721
-20130117134721
-20130117134722
-20130117134722
-20130117134723
-20130117134734
-20130117134736
-20130117134739
-20130117134743
-20130117134745
-20130117134750
-20130117134806
-20130117134809
-20130117134813
-20130117135313
-20130117135317
-20130117135322
-20130117135334
-20130117135405
-20130117135418
-20130117135421
-20130117135445
-20130117135506
-20130117135518
-20130117135554
-20130117135608
-20130117135618
-20130117135629
-20130117135632
-20130117150113
-20130117150406
-20130117150538
-20130117150539
-20130117150634
-20130117175011
-20130117182010
-20130117182010
-20130117182010
-20130117182010
-20130117182012
-20130117182130
-20130117182131
-20130117182132
-20130118003328
-20130118003400
-20130118004318
-20130118004323
-20130118004326
-20130118004346
-20130118004400
-20130118121837
-20130118140537
-20130118140543
-20130118140550
-20130118140556
-20130118172648
-20130118172654
-20130118184759
-20130118184802
-20130121155449
-20130121155454
-20130121155838
-20130121160137
-20130121164203
-20130121164207
-20130121164213
-20130121164217
-20130121164225
-20130121164235
-20130121164302
-20130121164304
-20130121164904
-20130121164908
-20130121170313
-20130121170318
-20130121170331
-20130121170338
-20130121170405
-20130121170425
-20130121170619
-20130121173614
-20130121174404
-20130121174406
-20130121174431
-20130121174448
-20130121174455
-20130121174508
-20130121174854
-20130121174927
-20130121174929
-20130121174939
-20130121174946
-20130121174954
-20130121175006
-20130121175020
-20130121175037
-20130121175040
-20130121175126
-20130121175128
-20130121175133
-20130121175137
-20130121175202
-20130121175227
-20130121175245
-20130121175252
-20130121180511
-20130121180519
-20130121180533
-20130121180536
-20130121180540
-20130121180545
-20130121180616
-20130121180628
-20130121180630
-20130121180631
-20130121180635
-20130121180722
-20130121180740
-20130121180743
-20130121180751
-20130121180758
-20130121180827
-20130121180843
-20130121180846
-20130121180852
-20130121180856
-20130121181943
-20130121181951
-20130121181954
-20130121182001
-20130121182011
-20130121182214
-20130121182217
-20130121182230
-20130121182232
-20130121182253
-20130121182255
-20130121182259
-20130121182328
-20130121182331
-20130121182335
-20130121182337
-20130121182424
-20130121182433
-20130121182435
-20130121183929
-20130121184018
-20130121184047
-20130121184132
-20130121184241
-20130121184302
-20130121184456
-20130121184554
-20130121184615
-20130121184654
-20130121184738
-20130121184919
-20130121184942
-20130121184946
-20130121185007
-20130121185014
-20130121185021
-20130121185028
-20130121185035
-20130121185118
-20130121185125
-20130121185130
-20130121185134
-20130121185138
-20130121185142
-20130121185320
-20130121185330
-20130121185337
-20130121185525
-20130121185532
-20130121185618
-20130121185629
-20130121185723
-20130121185821
-20130121185957
-20130121190138
-20130121190223
-20130121190309
-20130121190315
-20130121190321
-20130121190414
-20130121190417
-20130121190424
-20130121190440
-20130121190442
-20130121190457
-20130121190459
-20130121190557
-20130121190605
-20130121190620
-20130121190621
-20130121190632
-20130121190637
-20130121190644
-20130121190654
-20130121190825
-20130121190834
-20130121190847
-20130121190904
-20130121190909
-20130121190934
-20130121191000
-20130121191022
-20130121191344
-20130121191716
-20130121191722
-20130121191742
-20130121191807
-20130121191816
-20130121191826
-20130121191836
-20130121191848
-20130121191909
-20130121191929
-20130121191932
-20130121191938
-20130121191948
-20130121192017
-20130121192019
-20130121192022
-20130121192027
-20130121192044
-20130121192045
-20130121192049
-20130121192052
-20130121192106
-20130121192108
-20130121192122
-20130121192125
-20130121192211
-20130121192401
-20130121192416
-20130121192426
-20130121192438
-20130121192600
-20130121192608
-20130121192612
-20130121192713
-20130121192720
-20130121192734
-20130121192740
-20130121192823
-20130121192831
-20130121192839
-20130121192845
-20130121192855
-20130121193017
-20130121193027
-20130121193128
-20130121193140
-20130121193204
-20130121193303
-20130121193308
-20130121193316
-20130121193610
-20130121193638
-20130121193646
-20130121193654
-20130121193713
-20130121193719
-20130121193753
-20130121193841
-20130121193933
-20130121194059
-20130121194314
-20130121194318
-20130121194322
-20130121194333
-20130121194348
-20130121194457
-20130121194503
-20130121194631
-20130121194732
-20130121194920
-20130121195052
-20130121195116
-20130121195211
-20130121195257
-20130121195509
-20130121195514
-20130121195522
-20130121195835
-20130121195846
-20130121195857
-20130121212435
-20130121212448
-20130121212456
-20130121212509
-20130121212654
-20130121212718
-20130121212725
-20130121212952
-20130121213056
-20130121213103
-20130121213145
-20130121213309
-20130121213317
-20130121213324
-20130121213417
-20130121213605
-20130121213652
-20130121213814
-20130121213833
-20130121213952
-20130121214048
-20130121214307
-20130121214338
-20130121214400
-20130121214653
-20130121214704
-20130121214754
-20130121215146
-20130121215959
-20130121220039
-20130121220117
-20130121220134
-20130121220146
-20130121220358
-20130121220554
-20130121220658
-20130121220809
-20130121220918
-20130121220954
-20130121221018
-20130121221122
-20130121221130
-20130121221301
-20130121221310
-20130121221359
-20130121221420
-20130121221424
-20130121221431
-20130121221514
-20130121221640
-20130121221648
-20130121221712
-20130121221824
-20130121221840
-20130121221921
-20130121222124
-20130121222248
-20130121222309
-20130121222606
-20130121222617
-20130121222822
-20130121222845
-20130121222904
-20130121222919
-20130121222938
-20130121222950
-20130121223240
-20130121223333
-20130121223406
-20130121223435
-20130121223731
-20130121223747
-20130121223930
-20130121223948
-20130121224023
-20130121224038
-20130121224109
-20130121224307
-20130121224342
-20130121224409
-20130121224507
-20130121224523
-20130121224538
-20130121224620
-20130121233714
-20130121234926
-20130121235043
-20130121235057
-20130121235154
-20130121235205
-20130121235220
-20130121235318
-20130121235330
-20130121235354
-20130121235406
-20130121235618
-20130121235624
-20130121235702
-20130121235841
-20130121235910
-20130121235934
-20130121235948
-20130122000008
-20130122000027
-20130122000206
-20130122000324
-20130122000340
-20130122000430
-20130122000449
-20130122000500
-20130122000650
-20130122000707
-20130122000749
-20130122000806
-20130122000818
-20130122000854
-20130122000905
-20130122000959
-20130122001013
-20130122001704
-20130122001736
-20130122001815
-20130122001859
-20130122001947
-20130122002024
-20130122003528
-20130122003620
-20130122003632
-20130122003650
-20130122003700
-20130122003722
-20130122003814
-20130122003845
-20130122003852
-20130122003945
-20130122004137
-20130122004204
-20130122004217
-20130122004510
-20130122004818
-20130122004834
-20130122004932
-20130122005029
-20130122005059
-20130122005114
-20130122005153
-20130122005314
-20130122005334
-20130122005532
-20130122005556
-20130122005735
-20130122005812
-20130122010113
-20130122010134
-20130122010143
-20130122010150
-20130122010154
-20130122010239
-20130122010248
-20130122010254
-20130122010326
-20130122010355
-20130122010436
-20130122010454
-20130122010602
-20130122010624
-20130122010643
-20130122010713
-20130122010721
-20130122011107
-20130122011111
-20130122011116
-20130122011119
-20130122011123
-20130122011410
-20130122011415
-20130122011503
-20130122011606
-20130122011619
-20130122011917
-20130122011943
-20130122012007
-20130122012020
-20130122012203
-20130122012311
-20130122012331
-20130122012447
-20130122012459
-20130122012608
-20130122012644
-20130122012703
-20130122012841
-20130122012855
-20130122013011
-20130122013025
-20130122013111
-20130122013125
-20130122013158
-20130122013208
-20130122013335
-20130122013455
-20130122013539
-20130122013753
-20130122014000
-20130122014014
-20130122014048
-20130122014120
-20130122014534
-20130122014615
-20130122014636
-20130122014709
-20130122014800
-20130122014842
-20130122014938
-20130122015057
-20130122015244
-20130122015337
-20130122015410
-20130122015420
-20130122015448
-20130122015636
-20130122015722
-20130122015739
-20130122015902
-20130122020215
-20130122020225
-20130122020257
-20130122020534
-20130122020548
-20130122020800
-20130122020930
-20130122021153
-20130122021214
-20130122104022
-20130122104132
-20130122104143
-20130122104540
-20130122104551
-20130122104732
-20130122104818
-20130122104844
-20130122104926
-20130122104941
-20130122105021
-20130122105034
-20130122105044
-20130122105050
-20130122105110
-20130122105123
-20130122105129
-20130122105135
-20130122105152
-20130122105237
-20130122105243
-20130122105425
-20130122105449
-20130122105800
-20130122105803
-20130122105808
-20130122105822
-20130122105827
-20130122105834
-20130122105854
-20130122105918
-20130122105921
-20130122105928
-20130122110032
-20130122110048
-20130122110053
-20130122110059
-20130122110102
-20130122110112
-20130122110227
-20130122110505
-20130122110512
-20130122110558
-20130122110648
-20130122131903
-20130122132009
-20130122132042
-20130122132115
-20130122132256
-20130122132337
-20130122132510
-20130122132737
-20130122132757
-20130122132802
-20130122133110
-20130122133138
-20130122133222
-20130122133258
-20130122133315
-20130122133325
-20130122133333
-20130122133338
-20130122133354
-20130122133404
-20130122133411
-20130122133423
-20130122133438
-20130122133442
-20130122133447
-20130122133452
-20130122133508
-20130122133512
-20130122133518
-20130122133604
-20130122133614
-20130122133643
-20130122133710
-20130122133716
-20130122133725
-20130122133729
-20130122133801
-20130122133817
-20130122133820
-20130122133826
-20130122133835
-20130122133850
-20130122134354
-20130122134408
-20130122134444
-20130122134551
-20130122134652
-20130122134704
-20130122134708
-20130122134718
-20130122134723
-20130122134731
-20130122134758
-20130122134818
-20130122134847
-20130122134910
-20130122134914
-20130122134918
-20130122134925
-20130122135042
-20130122135044
-20130122135726
-20130122135853
-20130122135913
-20130122135935
-20130122140002
-20130122140019
-20130122140032
-20130122140130
-20130122140435
-20130122140442
-20130122140449
-20130122140505
-20130122140506
-20130122140535
-20130122140553
-20130122140619
-20130122140633
-20130122140641
-20130122140734
-20130122140753
-20130122140758
-20130122140820
-20130122140838
-20130122140844
-20130122140847
-20130122140848
-20130122140905
-20130122140930
-20130122140956
-20130122141022
-20130122141059
-20130122141212
-20130122141352
-20130122141426
-20130122141441
-20130122141450
-20130122141459
-20130122141501
-20130122141510
-20130122141524
-20130122141535
-20130122141537
-20130122141555
-20130122141556
-20130122141605
-20130122141607
-20130122141620
-20130122141626
-20130122141628
-20130122141651
-20130122141657
-20130122141709
-20130122141734
-20130122141738
-20130122141744
-20130122141747
-20130122141749
-20130122141804
-20130122141806
-20130122142059
-20130122142106
-20130122142315
-20130122142323
-20130122142325
-20130122142404
-20130122142418
-20130122142419
-20130122142425
-20130122142434
-20130122142449
-20130122142942
-20130122143116
-20130122143120
-20130122143156
-20130122143333
-20130122143419
-20130122143509
-20130122143511
-20130122143518
-20130122143520
-20130122143853
-20130122144038
-20130122144056
-20130122150606
-20130122150643
-20130122150648
-20130122150658
-20130122150702
-20130122150706
-20130122223251
-20130122223254
-20130122223256
-20130122223259
-20130122223302
-20130122223310
-20130122223316
-20130122223324
-20130122223552
-20130122223556
-20130122224024
-20130122224031
-20130122224055
-20130122224103
-20130122224111
-20130122224113
-20130122224129
-20130122224131
-20130122224150
-20130122224203
-20130122224204
-20130122224208
-20130122224213
-20130122224217
-20130122224221
-20130122224234
-20130122224242
-20130122224246
-20130122224259
-20130122224318
-20130122224346
-20130122224349
-20130122224407
-20130122224425
-20130122224455
-20130122224514
-20130122224531
-20130122224652
-20130122224656
-20130122224830
-20130122224833
-20130122224858
-20130122225331
-20130122225338
-20130122225341
-20130122225752
-20130122225818
-20130122225851
-20130122225858
-20130122225943
-20130122230342
-20130122230351
-20130122230358
-20130122231125
-20130122231128
-20130122231133
-20130122231159
-20130122231427
-20130122231439
-20130122231442
-20130122231445
-20130122231457
-20130122231459
-20130122231504
-20130122231613
-20130122231931
-20130122231940
-20130122232007
-20130122232023
-20130122232056
-20130122232102
-20130122232105
-20130122232259
-20130122232307
-20130122232326
-20130122232343
-20130122232346
-20130122232401
-20130122232404
-20130122232612
-20130122232620
-20130122232622
-20130122232656
-20130122232901
-20130122232924
-20130122232935
-20130122232955
-20130122233404
-20130122233411
-20130122233425
-20130122233516
-20130122233521
-20130122233523
-20130122233535
-20130122233615
-20130122233622
-20130122233717
-20130122233720
-20130122233854
-20130122233914
-20130122233924
-20130122234025
-20130122234032
-20130122234035
-20130122234040
-20130122234119
-20130122234131
-20130122234141
-20130122234206
-20130122234215
-20130122234252
-20130122234322
-20130122234329
-20130122234343
-20130122234351
-20130123000120
-20130123000137
-20130123000155
-20130123000202
-20130123001928
-20130123001951
-20130123001958
-20130123002024
-20130123002047
-20130123002054
-20130123002124
-20130123002130
-20130123002137
-20130123002139
-20130123002149
-20130123002215
-20130123002220
-20130123002301
-20130123002325
-20130123002332
-20130123002337
-20130123002345
-20130123002433
-20130123002436
-20130123002438
-20130123002445
-20130123002453
-20130123002500
-20130123002514
-20130123002539
-20130123002549
-20130123002627
-20130123002634
-20130123002659
-20130123002704
-20130123002817
-20130123002835
-20130123002837
-20130123002851
-20130123002938
-20130123003014
-20130123003021
-20130123003051
-20130123003111
-20130123003225
-20130123003336
-20130123003430
-20130123003453
-20130123003517
-20130123003524
-20130123003530
-20130123003556
-20130123003616
-20130123003657
-20130123003740
-20130123003845
-20130123003905
-20130123004002
-20130123004025
-20130123004135
-20130123004258
-20130123004329
-20130123004442
-20130123004741
-20130123004754
-20130123004848
-20130123005022
-20130123005034
-20130123005038
-20130123005040
-20130123005046
-20130123005250
-20130123005555
-20130123005948
-20130123010402
-20130123010408
-20130123010823
-20130123010828
-20130123011942
-20130123011948
-20130123012008
-20130123012016
-20130123012018
-20130123012027
-20130123012059
-20130123012106
-20130123012108
-20130123012116
-20130123012120
-20130123012129
-20130123012327
-20130123012411
-20130123012521
-20130123012547
-20130123013323
-20130123013327
-20130123013331
-20130123013341
-20130123013346
-20130123013350
-20130123013413
-20130123013445
-20130123013448
-20130123013529
-20130123013706
-20130123014147
-20130123014200
-20130123014212
-20130123015558
-20130123021102
-20130123021105
-20130123021111
-20130123021407
-20130123021421
-20130123021821
-20130123021824
-20130123111844
-20130123111846
-20130123111849
-20130123111908
-20130123111912
-20130123111929
-20130123112114
-20130123112151
-20130123112154
-20130123112226
-20130123112246
-20130123112253
-20130123112313
-20130123112349
-20130123115229
-20130123115233
-20130123115237
-20130123115253
-20130123115351
-20130123115354
-20130123115408
-20130123115550
-20130123115555
-20130123115728
-20130123115738
-20130123115744
-20130123115806
-20130123115831
-20130123115923
-20130123115933
-20130123115946
-20130123120611
-20130123120614
-20130123120723
-20130123120724
-20130123205519
-20130123205523
-20130123205525
-20130123205531
-20130123214041
-20130123214045
-20130123214048
-20130123214053
-20130123214056
-20130123214101
-20130123214105
-20130123214150
-20130123214152
-20130123214205
-20130123214219
-20130123214226
-20130123214240
-20130123214253
-20130123214256
-20130123214306
-20130123214322
-20130123214327
-20130123214329
-20130123214340
-20130123214356
-20130123214358
-20130123214516
-20130123214524
-20130123220139
-20130123220657
-20130123222137
-20130123222145
-20130123222147
-20130123222200
-20130123222203
-20130123222205
-20130123222209
-20130123222212
-20130123222215
-20130123222219
-20130123222220
-20130123222250
-20130123222254
-20130123222307
-20130123222312
-20130123222317
-20130123222319
-20130123222334
-20130123222400
-20130123222407
-20130123222420
-20130123222422
-20130123222455
-20130123222530
-20130123222613
-20130123222615
-20130123222640
-20130123222650
-20130123222706
-20130123222711
-20130123222715
-20130123222813
-20130123222820
-20130123223419
-20130123223426
-20130123223440
-20130123223449
-20130123223508
-20130123225757
-20130123225802
-20130123225828
-20130124183948
-20130124183952
-20130124185129
-20130124190447
-20130124190609
-20130124190620
-20130124190623
-20130124192814
-20130124194503
-20130124220047
-20130125011942
-20130125144156
-20130125144200
-20130125144234
-20130125144236
-20130125144241
-20130125181341
-20130125181656
-20130125181700
-20130125181717
-20130125182423
-20130125182428
-20130125182435
-20130125182441
-20130125182452
-20130125182504
-20130125182514
-20130125182520
-20130125182523
-20130125182751
-20130125182811
-20130125182815
-20130125182913
-20130125182930
-20130125182942
-20130125183125
-20130125183128
-20130125183131
-20130125183237
-20130125183246
-20130125183313
-20130125183320
-20130125183327
-20130125183342
-20130125183640
-20130125183641
-20130125183643
-20130125183651
-20130125183657
-20130125183701
-20130125183756
-20130125183809
-20130125183814
-20130125183832
-20130125183835
-20130125183843
-20130125183848
-20130125183855
-20130125183920
-20130125183926
-20130125183930
-20130125183933
-20130125183947
-20130125183950
-20130125183952
-20130125184054
-20130125184117
-20130125184127
-20130125184137
-20130125184140
-20130125184149
-20130125184152
-20130125184155
-20130125184157
-20130125184159
-20130125184210
-20130125184241
-20130125184249
-20130125184333
-20130125184338
-20130125184351
-20130125184358
-20130125184403
-20130125184413
-20130125184416
-20130125184418
-20130125184424
-20130125184427
-20130125184449
-20130125184457
-20130125184517
-20130125184525
-20130125184549
-20130125184603
-20130125184630
-20130125184740
-20130125184746
-20130125184759
-20130125184804
-20130125184807
-20130125184835
-20130125184837
-20130125184946
-20130125184949
-20130125184953
-20130125185022
-20130125185126
-20130125185144
-20130125185152
-20130125185203
-20130125185228
-20130125185307
-20130125185320
-20130125185337
-20130125185413
-20130125185417
-20130125185422
-20130125185431
-20130125185459
-20130125185504
-20130125185511
-20130125185514
-20130125185634
-20130125185859
-20130125185946
-20130125191425
-20130125191435
-20130125191442
-20130125191444
-20130125191450
-20130125191520
-20130125191524
-20130125191534
-20130125191732
-20130125191736
-20130125191740
-20130125192448
-20130125192815
-20130125192816
-20130125192819
-20130125192821
-20130125193005
-20130125193010
-20130125193015
-20130125193030
-20130125193033
-20130125193036
-20130125193050
-20130125193120
-20130125193325
-20130125193337
-20130125194156
-20130125200844
-20130125201030
-20130125201034
-20130125201129
-20130125201313
-20130125201322
-20130125201333
-20130125201338
-20130125201354
-20130125201411
-20130125201456
-20130125201534
-20130125201546
-20130125201555
-20130125201557
-20130125201605
-20130125201609
-20130125201612
-20130125201623
-20130125202144
-20130125202213
-20130125202224
-20130125202238
-20130125202247
-20130125202250
-20130125202314
-20130125202323
-20130125202406
-20130125202839
-20130125202855
-20130125202924
-20130125202934
-20130125202938
-20130125202954
-20130125202957
-20130125203042
-20130125203113
-20130125203116
-20130125203118
-20130125203152
-20130125203409
-20130125203417
-20130125203423
-20130125203442
-20130125203450
-20130125203521
-20130125203607
-20130125203635
-20130125203646
-20130125203653
-20130125203657
-20130125203733
-20130125203822
-20130125203838
-20130125203911
-20130125203922
-20130125203928
-20130125204033
-20130125204037
-20130125204041
-20130125204139
-20130125204144
-20130125204147
-20130125204150
-20130125204150
-20130125204155
-20130125204304
-20130125204548
-20130125204611
-20130125204623
-20130125204629
-20130125204719
-20130125204731
-20130125204735
-20130125204815
-20130125204940
-20130125204946
-20130125205003
-20130125205011
-20130125205013
-20130125205026
-20130125205051
-20130125205054
-20130125205113
-20130125205126
-20130125205134
-20130125205210
-20130125205216
-20130125205424
-20130125205433
-20130125205441
-20130125205443
-20130125205448
-20130125205451
-20130125205456
-20130125205534
-20130125205624
-20130125205629
-20130125205654
-20130125205832
-20130125205836
-20130125205839
-20130125205852
-20130125205858
-20130125205907
-20130125205928
-20130125205930
-20130125210248
-20130125210303
-20130125210342
-20130125210353
-20130125210430
-20130125210432
-20130125210445
-20130125210505
-20130125210622
-20130125210646
-20130125210704
-20130125210727
-20130125210731
-20130125210748
-20130125210907
-20130125210917
-20130125211000
-20130125212858
-20130125212910
-20130125212937
-20130125212947
-20130125212952
-20130125213012
-20130125213022
-20130125213027
-20130125213123
-20130125213129
-20130125213131
-20130125213135
-20130125213203
-20130125213211
-20130125213309
-20130125213504
-20130125213629
-20130125213634
-20130125213642
-20130125214334
-20130125214352
-20130125214400
-20130125214741
-20130125214840
-20130125214848
-20130125223247
-20130125223259
-20130125224728
-20130125225747
-20130125225752
-20130125225759
-20130125225800
-20130125225807
-20130125225815
-20130125225825
-20130125230020
-20130125230039
-20130125230116
-20130125230122
-20130125230123
-20130125230139
-20130125230214
-20130125230303
-20130125232527
-20130125232542
-20130125232544
-20130125232603
-20130125232611
-20130125232614
-20130125232620
-20130125232621
-20130125235220
-20130125235226
-20130125235244
-20130125235315
-20130125235328
-20130126000637
-20130126001336
-20130126001339
-20130126001346
-20130126002229
-20130126002234
-20130126004432
-20130126004437
-20130126004439
-20130126004451
-20130126004453
-20130126122207
-20130126123400
-20130126123424
-20130126123427
-20130126123715
-20130126123717
-20130126123725
-20130126123809
-20130126123932
-20130126124103
-20130126124107
-20130126124110
-20130126124118
-20130126124156
-20130126124215
-20130126124539
-20130126124547
-20130126124626
-20130126124632
-20130126124644
-20130126124931
-20130126124941
-20130126125015
-20130126125114
-20130126125246
-20130126125321
-20130126125335
-20130126125338
-20130126125343
-20130126125354
-20130126145121
-20130126145638
-20130126145647
-20130126145705
-20130126145710
-20130126145945
-20130126145952
-20130126150438
-20130126150508
-20130126150515
-20130126150518
-20130126150527
-20130126150540
-20130126150551
-20130126150553
-20130126150921
-20130126150928
-20130126150954
-20130126150958
-20130126151003
-20130126151012
-20130126151015
-20130126151728
-20130126151737
-20130126151742
-20130127234757
-20130128024522
-20130128024524
-20130128024527
-20130128024534
-20130128024537
-20130128024544
-20130128024816
-20130128024820
-20130128024826
-20130128024830
-20130128024843
-20130128024855
-20130128024901
-20130128144640
-20130128144642
-20130128145016
-20130128145022
-20130128152454
-20130128152457
-20130128152956
-20130128155808
-20130128155811
-20130128155815
-20130128155958
-20130128161335
-20130128161341
-20130128161346
-20130128161434
-20130128161444
-20130128161454
-20130128161527
-20130128161918
-20130128161929
-20130128161954
-20130128162007
-20130128162018
-20130128162031
-20130128162041
-20130128162127
-20130128162203
-20130128162213
-20130128162214
-20130128162225
-20130128162323
-20130128162327
-20130128162331
-20130128162334
-20130128162337
-20130128162339
-20130128162341
-20130128162350
-20130128162745
-20130128174335
-20130128174348
-20130128174424
-20130128174447
-20130128174538
-20130128174542
-20130128174558
-20130128174615
-20130128174617
-20130128174622
-20130128174712
-20130128174733
-20130128180404
-20130128180411
-20130128180808
-20130128180837
-20130128180851
-20130128180854
-20130128180857
-20130129120810
-20130129120813
-20130129120830
-20130129120835
-20130129120951
-20130129120959
-20130129121014
-20130129175514
-20130129180115
-20130129180154
-20130129180233
-20130129180253
-20130129180257
-20130129180308
-20130129180321
-20130129180326
-20130129180343
-20130129180401
-20130129180408
-20130129180439
-20130129180447
-20130129180455
-20130129180550
-20130129180554
-20130129180559
-20130129180603
-20130129180605
-20130129180607
-20130129180612
-20130129180615
-20130129180618
-20130129180644
-20130129180722
-20130129180726
-20130129180732
-20130129180816
-20130129180831
-20130129180850
-20130129180859
-20130129180907
-20130129180924
-20130129180943
-20130129180947
-20130129181338
-20130129181345
-20130129181400
-20130129181411
-20130129181415
-20130129181421
-20130129181422
-20130129181426
-20130129181502
-20130129181504
-20130129181513
-20130129181515
-20130129181521
-20130129181527
-20130129181558
-20130129181641
-20130129181706
-20130129181733
-20130129181744
-20130129181748
-20130129181759
-20130129181803
-20130129181821
-20130129181843
-20130129182150
-20130129182202
-20130129182214
-20130129182231
-20130129182315
-20130129182318
-20130129182431
-20130129182608
-20130129182626
-20130129182649
-20130129182702
-20130129182829
-20130129182906
-20130129182918
-20130129183005
-20130129183009
-20130129183046
-20130129183050
-20130129183052
-20130129183116
-20130129183128
-20130129183134
-20130129183137
-20130129183153
-20130129183210
-20130129183215
-20130129183228
-20130129183234
-20130129183249
-20130129183252
-20130129183414
-20130129183439
-20130129183640
-20130129184047
-20130129184100
-20130129184101
-20130129184114
-20130129184115
-20130129184909
-20130129185513
-20130129185516
-20130129185844
-20130129185848
-20130129185858
-20130129185908
-20130129185914
-20130129185921
-20130130002321
-20130130002329
-20130130002349
-20130130002355
-20130130003447
-20130130003453
-20130131163707
-20130131163711
-20130131163714
-20130131163758
-20130131163925
-20130131163934
-20130131164002
-20130131164006
-20130131164256
-20130131164302
-20130131164357
-20130131164402
-20130131164408
-20130131164459
-20130131164502
-20130131164524
-20130131164527
-20130131164612
-20130131164614
-20130131164616
-20130131164619
-20130131164639
-20130131164842
-20130131164844
-20130131164847
-20130131164909
-20130131164912
-20130131164914
-20130131164916
-20130131164922
-20130131164924
-20130131164933
-20130131165523
-20130131165538
-20130131165751
-20130131165755
-20130131170032
-20130131170039
-20130131170047
-20130131170052
-20130131171222
-20130131171223
-20130131171234
-20130131171237
-20130131171246
-20130131171451
-20130131171500
-20130131171510
-20130131171512
-20130131171523
-20130131171559
-20130131171725
-20130131171737
-20130131171742
-20130131171805
-20130131171823
-20130131171832
-20130131171837
-20130131171947
-20130131171953
-20130131172002
-20130131172131
-20130131172136
-20130131172140
-20130131172218
-20130131172223
-20130131172227
-20130131172250
-20130131172258
-20130131172303
-20130131172312
-20130131172317
-20130131172328
-20130131172333
-20130131172535
-20130131172559
-20130131172604
-20130131172619
-20130131172634
-20130131172640
-20130131172644
-20130131172659
-20130131172709
-20130131172729
-20130131172735
-20130131172738
-20130131172745
-20130131173255
-20130131173300
-20130131173313
-20130131173342
-20130131173406
-20130131173524
-20130131173545
-20130131173601
-20130131173619
-20130131173633
-20130131173653
-20130131173714
-20130131173715
-20130131173720
-20130131173740
-20130131173750
-20130131173752
-20130131173806
-20130131173818
-20130131173824
-20130131173856
-20130131173859
-20130131173905
-20130131173913
-20130131173949
-20130131173954
-20130131174007
-20130131174030
-20130131174042
-20130131174045
-20130131174116
-20130131174135
-20130131174147
-20130131174150
-20130131174206
-20130131174213
-20130131174217
-20130131174224
-20130131174230
-20130131174319
-20130131174944
-20130131174948
-20130131174958
-20130131175045
-20130131175050
-20130131175058
-20130131175113
-20130131175124
-20130131175300
-20130131175315
-20130131175323
-20130131175336
-20130131175339
-20130131175341
-20130131175414
-20130131175415
-20130131180429
-20130131180431
-20130131180446
-20130131180451
-20130131180520
-20130131180540
-20130131180615
-20130131180642
-20130131180652
-20130131180753
-20130131182342
-20130131183826
-20130131183849
-20130131183851
-20130131183900
-20130131183925
-20130131183946
-20130131184303
-20130131184359
-20130131184614
-20130131184635
-20130131184637
-20130131184840
-20130131184845
-20130131184846
-20130131184945
-20130131184946
-20130131185002
-20130131185017
-20130131185019
-20130131185025
-20130131185035
-20130131185039
-20130131185041
-20130131185046
-20130131185114
-20130131185128
-20130131185236
-20130131190603
-20130131190605
-20130131190828
-20130131190831
-20130131190835
-20130131190839
-20130131190902
-20130131190911
-20130131190926
-20130131190932
-20130131190947
-20130131190949
-20130131191039
-20130131191048
-20130131191103
-20130131191110
-20130131191113
-20130131191131
-20130131191147
-20130131191150
-20130131191156
-20130131191158
-20130131191209
-20130131191212
-20130131191214
-20130131191215
-20130131191217
-20130131191217
-20130131191219
-20130131191219
-20130131191220
-20130131191220
-20130131191221
-20130131191221
-20130131191222
-20130131191222
-20130131191223
-20130131191224
-20130131191226
-20130131191246
-20130131191248
-20130131191249
-20130131191250
-20130131191251
-20130131191251
-20130131191252
-20130131191252
-20130131191252
-20130131191253
-20130131191253
-20130131191253
-20130131191254
-20130131191254
-20130131191254
-20130131191255
-20130131191255
-20130131191255
-20130131191256
-20130131191257
-20130131191259
-20130131191757
-20130131191807
-20130131191811
-20130131191834
-20130131191842
-20130131192518
-20130131192537
-20130131192618
-20130131192637
-20130131192729
-20130131192739
-20130131192759
-20130131192806
-20130131192820
-20130131192828
-20130131192835
-20130131192843
-20130131192846
-20130131192858
-20130131192900
-20130131193026
-20130131193044
-20130131193106
-20130131193158
-20130131193359
-20130131193416
-20130131193547
-20130131193612
-20130131193627
-20130131193636
-20130131193656
-20130131193705
-20130131193727
-20130131193819
-20130131193850
-20130131193927
-20130131193938
-20130131193953
-20130131194013
-20130131194017
-20130131194021
-20130131194049
-20130131194149
-20130131194200
-20130131194730
-20130131194747
-20130131194801
-20130131194810
-20130131195829
-20130201024634
-20130201024659
-20130201024736
-20130201024749
-20130201024812
-20130201024849
-20130201024855
-20130201024903
-20130201025212
-20130201025220
-20130201025421
-20130201025429
-20130201025438
-20130201025443
-20130201025522
-20130201025527
-20130201025540
-20130201025542
-20130201025548
-20130201025553
-20130201025559
-20130201025606
-20130201025613
-20130201025650
-20130201025652
-20130201025656
-20130201025717
-20130201025722
-20130201025730
-20130201025747
-20130201025756
-20130201025758
-20130201025807
-20130201025815
-20130201025820
-20130201025833
-20130201025839
-20130201025841
-20130201025843
-20130201025844
-20130201025851
-20130201025920
-20130201025921
-20130201025929
-20130201025932
-20130201025950
-20130201030330
-20130201030339
-20130201030900
-20130201030903
-20130201030907
-20130201030914
-20130201030926
-20130201030928
-20130201030930
-20130201031230
-20130201031302
-20130201031325
-20130201031350
-20130201031401
-20130201031421
-20130201031450
-20130201031454
-20130201031520
-20130201031535
-20130201031614
-20130201032247
-20130201032353
-20130201032407
-20130201032413
-20130201032423
-20130201032508
-20130201032530
-20130202164409
-20130202164418
-20130202173415
-20130202173419
-20130202173527
-20130202173614
-20130202173616
-20130202173629
-20130202173631
-20130202173636
-20130202173637
-20130202173642
-20130202173648
-20130202173709
-20130202173719
-20130202174458
-20130202174541
-20130202174548
-20130202174607
-20130202174610
-20130202235823
-20130202235832
-20130202235844
-20130202235942
-20130203021007
-20130203021045
-20130203021056
-20130203021216
-20130203021222
-20130203021333
-20130203021343
-20130203021345
-20130203021353
-20130203021358
-20130203021405
-20130203021811
-20130203021828
-20130203021842
-20130203021853
-20130203021857
-20130203021901
-20130203022115
-20130203025816
-20130203025818
-20130203025825
-20130203025831
-20130203030938
-20130203030954
-20130203030959
-20130203031110
-20130203031114
-20130203031137
-20130203031222
-20130203131744
-20130203131956
-20130203132004
-20130203132009
-20130203132157
-20130203132219
-20130203132221
-20130203132510
-20130203132523
-20130203132714
-20130203132717
-20130203132720
-20130203133533
-20130203133538
-20130203133553
-20130203133613
-20130203134041
-20130203134456
-20130203135328
-20130203135428
-20130203135433
-20130203135739
-20130203135742
-20130203135801
-20130203140052
-20130203140057
-20130203140121
-20130203140127
-20130203140144
-20130203140150
-20130203140209
-20130203140354
-20130203140641
-20130203141039
-20130203141246
-20130203141256
-20130203141300
-20130203141303
-20130203141306
-20130203141332
-20130203141444
-20130203141710
-20130203141720
-20130203141723
-20130203141726
-20130203141909
-20130203143009
-20130203143148
-20130203143410
-20130203143417
-20130203160618
-20130203160637
-20130203160641
-20130203160642
-20130203160643
-20130203160645
-20130203160650
-20130203160709
-20130203160741
-20130203160822
-20130203160823
-20130203160834
-20130203160845
-20130203160849
-20130203160851
-20130203160901
-20130203161019
-20130203161025
-20130203161036
-20130203161037
-20130203161047
-20130203161055
-20130203161101
-20130203161103
-20130203161106
-20130203161110
-20130203161116
-20130203161119
-20130203161127
-20130203161130
-20130203161132
-20130203161137
-20130203161138
-20130203161928
-20130203162045
-20130203162051
-20130203162054
-20130203162113
-20130203162129
-20130203162139
-20130203162141
-20130203162146
-20130203162204
-20130203162221
-20130203162236
-20130203162249
-20130203162303
-20130203162320
-20130203162333
-20130203162338
-20130203162754
-20130203162759
-20130203162801
-20130203162809
-20130203162818
-20130203162828
-20130203162837
-20130203162851
-20130203162855
-20130203162859
-20130203162908
-20130203162914
-20130203162928
-20130203162934
-20130203162936
-20130203162940
-20130203162948
-20130203162954
-20130203163009
-20130203163020
-20130203163029
-20130203163049
-20130203163108
-20130203163126
-20130203163134
-20130203163140
-20130203163151
-20130203163152
-20130203163155
-20130203170419
-20130203170420
-20130203170422
-20130203170431
-20130203170439
-20130203170526
-20130203170530
-20130203170543
-20130203170545
-20130203170555
-20130203170558
-20130203170609
-20130203170615
-20130203170618
-20130204012825
-20130204012835
-20130204012843
-20130204013316
-20130204013334
-20130204013337
-20130204013344
-20130204013354
-20130204013418
-20130204013430
-20130204013503
-20130204013507
-20130204013517
-20130204013623
-20130204013856
-20130204013901
-20130204013904
-20130204013915
-20130204013919
-20130204013939
-20130204013951
-20130204013952
-20130204014004
-20130204014016
-20130204014023
-20130204014030
-20130204014040
-20130204014047
-20130204014053
-20130204014058
-20130204014103
-20130204014109
-20130204014118
-20130204014721
-20130204014735
-20130204015350
-20130204015411
-20130204015415
-20130204015419
-20130204015423
-20130204015455
-20130204015459
-20130204015506
-20130204015516
-20130204015518
-20130204015522
-20130204015532
-20130204015724
-20130204150407
-20130204150417
-20130204150428
-20130204150809
-20130204154420
-20130204154425
-20130204155923
-20130204155933
-20130204155944
-20130204155949
-20130204160002
-20130204163023
-20130204163202
-20130204163206
-20130204163210
-20130204163213
-20130204163414
-20130204163701
-20130204163702
-20130204163710
-20130204163716
-20130204163721
-20130204163725
-20130204163731
-20130204163759
-20130204163826
-20130204163828
-20130204164154
-20130204172519
-20130204172522
-20130204172524
-20130204172525
-20130204173246
-20130204173618
-20130204173621
-20130204173622
-20130204173626
-20130204173749
-20130204173758
-20130204173806
-20130204173813
-20130204173948
-20130204173951
-20130204174241
-20130204174411
-20130204174416
-20130204174418
-20130204174422
-20130204174616
-20130204174620
-20130205105651
-20130205110352
-20130205110843
-20130205111327
-20130205111330
-20130205111336
-20130205111719
-20130205112925
-20130205112939
-20130205113004
-20130205113033
-20130205113124
-20130205113134
-20130205115832
-20130205115921
-20130205120003
-20130205180132
-20130205231006
-20130205235310
-20130205235414
-20130205235416
-20130205235425
-20130205235949
-20130206000017
-20130206000057
-20130206000114
-20130206000324
-20130206000330
-20130206000337
-20130206003231
-20130206003503
-20130206004005
-20130206004018
-20130206004053
-20130206004922
-20130206004926
-20130206004946
-20130206010939
-20130206125419
-20130206125524
-20130206131025
-20130206131032
-20130206134142
-20130206134150
-20130206174313
-20130206175028
-20130206175319
-20130206175322
-20130206180205
-20130206180307
-20130206180521
-20130206180538
-20130206180612
-20130206180713
-20130206180725
-20130206180742
-20130206181013
-20130206181907
-20130206182003
-20130206182107
-20130206182112
-20130206182113
-20130206182145
-20130206182224
-20130206182243
-20130206182309
-20130206182440
-20130206182814
-20130206182817
-20130206182916
-20130206182924
-20130206182928
-20130206182935
-20130206182941
-20130206183003
-20130206183023
-20130206183057
-20130206183104
-20130206183114
-20130206183252
-20130206183354
-20130206183359
-20130206183446
-20130206183457
-20130206183511
-20130206183520
-20130206183529
-20130206184719
-20130206184938
-20130206184942
-20130206185307
-20130206185423
-20130206185428
-20130206185441
-20130206190539
-20130206190649
-20130206190815
-20130206190819
-20130206191119
-20130206191212
-20130206191405
-20130206193236
-20130206200652
-20130206200702
-20130206200711
-20130207003338
-20130207003401
-20130207003403
-20130207003406
-20130207003409
-20130207003413
-20130207003417
-20130207003426
-20130207003439
-20130207003445
-20130207003452
-20130207003500
-20130207003543
-20130207003548
-20130207003550
-20130207003710
-20130207003714
-20130207003718
-20130207003729
-20130207003736
-20130207003736
-20130207003740
-20130207003811
-20130207003815
-20130207003843
-20130207003913
-20130207003936
-20130207004001
-20130207004136
-20130207004139
-20130207004142
-20130207004144
-20130207004200
-20130207004224
-20130207004303
-20130207004305
-20130207004313
-20130207004315
-20130207004317
-20130207004343
-20130207004351
-20130207004356
-20130207004402
-20130207004532
-20130207004546
-20130207004551
-20130207004611
-20130207004614
-20130207004653
-20130207004737
-20130207004739
-20130207004746
-20130207004807
-20130207004814
-20130207004834
-20130207004836
-20130207004838
-20130207005038
-20130207005133
-20130207005136
-20130207005139
-20130207005144
-20130207005147
-20130207005157
-20130207005221
-20130207005227
-20130207005246
-20130207005250
-20130207005312
-20130207005638
-20130207005731
-20130207005757
-20130207005825
-20130207010032
-20130207010041
-20130207010349
-20130207010355
-20130207010451
-20130207010508
-20130207010541
-20130207010551
-20130207010555
-20130207010911
-20130207010944
-20130207010954
-20130207011037
-20130207011038
-20130207011048
-20130207011307
-20130207011317
-20130207011322
-20130207011332
-20130207011336
-20130207011404
-20130207011409
-20130207011413
-20130207011425
-20130207011436
-20130207011441
-20130207011450
-20130207011500
-20130207011521
-20130207011819
-20130207011821
-20130207011840
-20130207011849
-20130207011913
-20130207011937
-20130207011940
-20130207012114
-20130207012124
-20130207012128
-20130207012139
-20130207012141
-20130207012143
-20130207012159
-20130207012250
-20130207012458
-20130207012614
-20130207012629
-20130207012638
-20130207012719
-20130207013638
-20130207013641
-20130207013717
-20130207013821
-20130207014144
-20130207014148
-20130207014218
-20130207014306
-20130207014531
-20130207014605
-20130207014607
-20130207014620
-20130207014633
-20130207014914
-20130207015159
-20130207015233
-20130207015238
-20130207015249
-20130207015254
-20130207015424
-20130207015439
-20130207015516
-20130207015524
-20130207015940
-20130207020602
-20130207021405
-20130207021409
-20130207021422
-20130207021454
-20130207021535
-20130207021542
-20130207021547
-20130207021610
-20130207021622
-20130207021729
-20130207021932
-20130207021936
-20130207022024
-20130207022034
-20130207022037
-20130207022042
-20130207022057
-20130207022109
-20130207022113
-20130207022127
-20130207022130
-20130207022135
-20130207022146
-20130207022156
-20130207023029
-20130207023404
-20130207023520
-20130207023909
-20130207023933
-20130207024001
-20130207024137
-20130207024259
-20130207024316
-20130207024322
-20130207024357
-20130207024408
-20130207024411
-20130207024424
-20130207024433
-20130207024436
-20130207024511
-20130207024513
-20130207024548
-20130207024734
-20130207024859
-20130207024907
-20130207024932
-20130207025121
-20130207025129
-20130207025134
-20130207025135
-20130207025144
-20130207025147
-20130207025223
-20130207025229
-20130207025234
-20130207025323
-20130207025532
-20130207025549
-20130207025556
-20130207025612
-20130207025857
-20130207030157
-20130207030224
-20130207030229
-20130207030242
-20130207030256
-20130207030425
-20130207030432
-20130207094138
-20130207094141
-20130207094324
-20130207094330
-20130207094346
-20130207094350
-20130207094415
-20130207094450
-20130207094501
-20130207094511
-20130207094515
-20130207094548
-20130207094559
-20130207094728
-20130207102357
-20130207102531
-20130207102645
-20130207102651
-20130207102901
-20130207102914
-20130207102920
-20130207102924
-20130207102935
-20130207103735
-20130207103748
-20130207104021
-20130207104031
-20130207104034
-20130207104044
-20130207104228
-20130208143821
-20130208143824
-20130208143832
-20130208143838
-20130208143850
-20130208143857
-20130208143934
-20130208143942
-20130208144240
-20130208144504
-20130208144505
-20130208144523
-20130208144526
-20130208144533
-20130208144535
-20130208144637
-20130208144638
-20130208144640
-20130208144645
-20130208144647
-20130208144657
-20130208144709
-20130208144712
-20130208144747
-20130208144805
-20130208144912
-20130208144915
-20130208144919
-20130208145020
-20130208173335
-20130208173339
-20130208173344
-20130208181950
-20130208183047
-20130208183058
-20130208183106
-20130208183111
-20130208183115
-20130208183122
-20130208183127
-20130208183141
-20130208183143
-20130208183159
-20130208184102
-20130208184243
-20130208184244
-20130208184722
-20130208184731
-20130208184739
-20130208185004
-20130208185012
-20130208185022
-20130208185026
-20130208185035
-20130208185049
-20130208185053
-20130208185058
-20130208185411
-20130208190040
-20130208190049
-20130208191054
-20130208191056
-20130208191102
-20130208191118
-20130208191137
-20130208191318
-20130208191322
-20130208191331
-20130208191335
-20130208191343
-20130208191358
-20130208191406
-20130208191413
-20130208191502
-20130208191509
-20130208191513
-20130208191516
-20130208191520
-20130208191523
-20130208191532
-20130208191552
-20130208191603
-20130208191732
-20130208191739
-20130208191744
-20130208191755
-20130208192240
-20130208192327
-20130208192339
-20130208192342
-20130208192351
-20130208192409
-20130208192413
-20130208192439
-20130208192449
-20130208192456
-20130208192459
-20130208192525
-20130208192545
-20130208192558
-20130208192605
-20130208193526
-20130208193652
-20130208193706
-20130208193711
-20130208193721
-20130208193828
-20130208195424
-20130208195432
-20130208195441
-20130208195625
-20130208195633
-20130208195642
-20130208195701
-20130208195717
-20130208202654
-20130208202658
-20130208203828
-20130208204411
-20130208204420
-20130208204456
-20130208204459
-20130208204546
-20130208204602
-20130208204640
-20130208204644
-20130208204703
-20130208204708
-20130208204717
-20130208204742
-20130208204748
-20130208204751
-20130208205228
-20130208205231
-20130208205234
-20130208205237
-20130208205241
-20130208205243
-20130208205246
-20130208205342
-20130208205355
-20130208205404
-20130208205407
-20130208205420
-20130208205623
-20130208205626
-20130208205743
-20130208205803
-20130208205808
-20130208205816
-20130208205832
-20130208205848
-20130208205905
-20130208205907
-20130208205929
-20130208205931
-20130208210003
-20130208210036
-20130208210148
-20130208210206
-20130208210208
-20130208210219
-20130208210359
-20130208210735
-20130208210746
-20130208210841
-20130208210850
-20130208210900
-20130208210933
-20130208210959
-20130208211251
-20130208211318
-20130208211355
-20130208211402
-20130208212050
-20130208212057
-20130208212103
-20130208212108
-20130208212115
-20130208212117
-20130208212124
-20130208212135
-20130208212224
-20130208212230
-20130208212300
-20130208212305
-20130208212317
-20130208213413
-20130208213421
-20130208214205
-20130208214237
-20130208214252
-20130208214305
-20130208214325
-20130208214331
-20130208214608
-20130208214612
-20130208214616
-20130208214634
-20130208214638
-20130208214653
-20130208214656
-20130208214706
-20130208214710
-20130208214715
-20130208214723
-20130208214727
-20130208214728
-20130208214730
-20130208214731
-20130208214733
-20130208214735
-20130208214736
-20130208214737
-20130208214745
-20130208214833
-20130208215139
-20130208215148
-20130208215154
-20130208220337
-20130208220444
-20130208220608
-20130208220614
-20130208220616
-20130208220632
-20130208220927
-20130208221326
-20130208221342
-20130208221519
-20130208221524
-20130208221535
-20130208221537
-20130208221542
-20130208221831
-20130208221855
-20130208223051
-20130208223109
-20130208223125
-20130208223130
-20130208223625
-20130208223631
-20130208223633
-20130208223655
-20130208223712
-20130208223722
-20130208223745
-20130208225110
-20130208225120
-20130208225134
-20130209214106
-20130209214110
-20130209214122
-20130209214348
-20130209214406
-20130209214408
-20130209214415
-20130209214419
-20130209214426
-20130209214428
-20130209214433
-20130209214531
-20130209214538
-20130209214553
-20130209214600
-20130209214833
-20130209215637
-20130209215651
-20130209215703
-20130209215711
-20130209215715
-20130209215720
-20130209215725
-20130209215744
-20130209215803
-20130209215809
-20130209215814
-20130209215818
-20130209220111
-20130209220119
-20130209220425
-20130209220951
-20130209221154
-20130209221202
-20130209221223
-20130209221242
-20130209221306
-20130209221326
-20130209221544
-20130209221646
-20130209222113
-20130209222115
-20130209222548
-20130209222921
-20130209222930
-20130209222936
-20130209222939
-20130209223001
-20130209223007
-20130209223058
-20130209223107
-20130209223113
-20130209223121
-20130209223129
-20130209223132
-20130209223152
-20130209223155
-20130209223211
-20130209223213
-20130209223216
-20130209223237
-20130209223240
-20130209223247
-20130209223330
-20130209223334
-20130209223344
-20130209223418
-20130209223421
-20130209223613
-20130209223615
-20130209223625
-20130209223626
-20130209223714
-20130209223718
-20130209223743
-20130209223806
-20130209223815
-20130209223903
-20130209224115
-20130209224122
-20130209224126
-20130209224131
-20130209224139
-20130209224146
-20130209224147
-20130209224208
-20130209224215
-20130209224255
-20130209224321
-20130209224330
-20130209224335
-20130209224340
-20130209224349
-20130209224920
-20130209224934
-20130211123616
-20130211123630
-20130211123650
-20130211123654
-20130211123655
-20130211123736
-20130211123737
-20130211123749
-20130211123751
-20130211123826
-20130211123833
-20130211123834
-20130211123854
-20130211123855
-20130211124315
-20130211124322
-20130211124337
-20130211124338
-20130211124344
-20130211124356
-20130211124401
-20130211155949
-20130211160038
-20130211160054
-20130211160056
-20130211160137
-20130211160139
-20130211161133
-20130211164028
-20130211164034
-20130211165122
-20130211165237
-20130211165242
-20130211165245
-20130211165328
-20130211171321
-20130211171334
-20130211171337
-20130211171417
-20130211171421
-20130211171430
-20130211171612
-20130211171615
-20130211171617
-20130211171632
-20130211171637
-20130211171638
-20130211181332
-20130211181338
-20130211181355
-20130211181400
-20130211181402
-20130211182211
-20130211182231
-20130211182309
-20130211182312
-20130211182914
-20130211182927
-20130211182936
-20130211183059
-20130211183111
-20130211183144
-20130211183627
-20130211183816
-20130211183859
-20130211183905
-20130211183920
-20130211183928
-20130211184024
-20130211184036
-20130211184109
-20130211184121
-20130211184158
-20130211184214
-20130211184231
-20130211184252
-20130211184256
-20130211184300
-20130211184444
-20130211184448
-20130211184459
-20130211184810
-20130211185003
-20130211185033
-20130211185039
-20130211185044
-20130211185152
-20130211185158
-20130211185202
-20130211185205
-20130211185222
-20130211185305
-20130211185347
-20130211185350
-20130211185455
-20130211185459
-20130211185501
-20130211185507
-20130211190010
-20130211190013
-20130211190044
-20130211190053
-20130211190109
-20130211190118
-20130211190125
-20130211190304
-20130211190338
-20130211190341
-20130211190343
-20130211190348
-20130211190603
-20130211191310
-20130211191317
-20130211191330
-20130211191422
-20130211191527
-20130211191533
-20130211191543
-20130211191551
-20130211191611
-20130211191613
-20130211191629
-20130211191636
-20130211191644
-20130211191657
-20130211191715
-20130211191716
-20130211191727
-20130211191736
-20130211191744
-20130211191800
-20130211235323
-20130211235326
-20130211235329
-20130211235350
-20130211235357
-20130211235640
-20130211235646
-20130211235656
-20130211235659
-20130211235707
-20130211235713
-20130211235726
-20130211235729
-20130211235752
-20130211235756
-20130211235808
-20130211235820
-20130211235840
-20130211235849
-20130211235857
-20130211235905
-20130211235922
-20130212000059
-20130212000108
-20130212000135
-20130212000141
-20130212000157
-20130212000208
-20130212000400
-20130212000401
-20130212000507
-20130212000553
-20130212000602
-20130212000604
-20130212000612
-20130212000614
-20130212000619
-20130212000621
-20130212000628
-20130212000642
-20130212000648
-20130212000657
-20130212000700
-20130212000707
-20130212000714
-20130212000717
-20130212000727
-20130212000729
-20130212000753
-20130212000807
-20130212000827
-20130212000943
-20130212000946
-20130212001018
-20130212001022
-20130212001025
-20130212001107
-20130212001139
-20130212001247
-20130212001304
-20130212001310
-20130212001338
-20130212001415
-20130212001417
-20130212001426
-20130212001518
-20130212001523
-20130212001546
-20130212001600
-20130212001604
-20130212001606
-20130212001630
-20130212001744
-20130212001753
-20130212001806
-20130212001822
-20130212001848
-20130212001858
-20130212002027
-20130212002047
-20130212002106
-20130212002203
-20130212002250
-20130212002256
-20130212002306
-20130212002312
-20130212002314
-20130212002326
-20130212002327
-20130212002354
-20130212002357
-20130212002422
-20130212002703
-20130212002706
-20130212002713
-20130212002715
-20130212002754
-20130212002808
-20130212002900
-20130212002904
-20130212002939
-20130212002952
-20130212002958
-20130212003057
-20130212003104
-20130212003108
-20130212003124
-20130212003128
-20130212003153
-20130212003212
-20130212003214
-20130212003215
-20130212003222
-20130212003246
-20130212003250
-20130212003259
-20130212003306
-20130212003312
-20130212003329
-20130212003335
-20130212003602
-20130212003625
-20130212003629
-20130212003654
-20130212003707
-20130212003714
-20130212003743
-20130212003941
-20130212003952
-20130212004002
-20130212004005
-20130212004011
-20130212004041
-20130212004042
-20130212004047
-20130212004056
-20130212004110
-20130212004125
-20130212004134
-20130212004147
-20130212004206
-20130212004229
-20130212004235
-20130212004252
-20130212004336
-20130212004340
-20130212004343
-20130212004348
-20130212004415
-20130212004417
-20130212004517
-20130212004614
-20130212004751
-20130212004806
-20130212004835
-20130212005345
-20130212005350
-20130212005356
-20130212010632
-20130212010703
-20130212010708
-20130212010715
-20130212010721
-20130212010725
-20130212010735
-20130212010758
-20130212012110
-20130212012114
-20130212012116
-20130212012137
-20130212012549
-20130212012553
-20130212012556
-20130212012602
-20130212012619
-20130212012642
-20130212012651
-20130212013041
-20130212013052
-20130212013057
-20130212013102
-20130212013106
-20130212013115
-20130212013118
-20130212013130
-20130212013142
-20130212013145
-20130212013817
-20130212020239
-20130212020311
-20130212020323
-20130212020354
-20130212020426
-20130212020428
-20130212020435
-20130212020440
-20130212020449
-20130212020451
-20130212020627
-20130212021050
-20130212021108
-20130212021241
-20130212021244
-20130212021808
-20130212021821
-20130212021847
-20130212021857
-20130212022117
-20130212022118
-20130212022128
-20130212022147
-20130212022205
-20130212022452
-20130212022456
-20130212022509
-20130212022535
-20130212022546
-20130212022704
-20130212022730
-20130212022738
-20130212022802
-20130212022806
-20130212022810
-20130212022818
-20130212022828
-20130212022948
-20130212022957
-20130212023001
-20130212024048
-20130212024115
-20130212024136
-20130212024139
-20130212024355
-20130212024412
-20130212024436
-20130212024440
-20130212024453
-20130212024500
-20130212024505
-20130212025025
-20130212025058
-20130212025322
-20130212025338
-20130212025340
-20130212025524
-20130212025549
-20130212025555
-20130212025557
-20130212025648
-20130212031426
-20130212031710
-20130212031715
-20130212031725
-20130212031734
-20130212031739
-20130212031756
-20130212031818
-20130212031825
-20130212031938
-20130212031943
-20130212031944
-20130212032003
-20130212032011
-20130212032018
-20130212032044
-20130212032047
-20130212032105
-20130212032114
-20130212032123
-20130212032139
-20130212032143
-20130212032150
-20130212032158
-20130212032223
-20130212032228
-20130212032337
-20130212032340
-20130212032349
-20130212032417
-20130212032434
-20130212032542
-20130212032547
-20130212032647
-20130212032911
-20130212032916
-20130212032924
-20130212033210
-20130212033231
-20130212033347
-20130212111534
-20130212111547
-20130212111556
-20130212111604
-20130212111614
-20130212111619
-20130212111635
-20130212111709
-20130212111712
-20130212111729
-20130212111745
-20130212111751
-20130212111945
-20130212111950
-20130212111952
-20130212112008
-20130212112019
-20130212112039
-20130212112042
-20130212112100
-20130212112111
-20130212112138
-20130212112155
-20130212112202
-20130212112227
-20130212112230
-20130212112252
-20130212112316
-20130212112350
-20130212112403
-20130212112413
-20130212112418
-20130212112423
-20130212112427
-20130212112503
-20130212112519
-20130212112531
-20130212112536
-20130212112547
-20130212112549
-20130212112554
-20130212112558
-20130212112600
-20130212112651
-20130212112708
-20130212112722
-20130212112834
-20130212112845
-20130212112859
-20130212112905
-20130212112906
-20130212112911
-20130212112957
-20130212113007
-20130212113013
-20130212113058
-20130212113102
-20130212113106
-20130212113111
-20130212113114
-20130212113125
-20130212113134
-20130212113137
-20130212113155
-20130212113204
-20130212113238
-20130212113311
-20130212113359
-20130212113412
-20130212113444
-20130212113509
-20130212113615
-20130212113620
-20130212113637
-20130212113719
-20130212113721
-20130212113731
-20130212113746
-20130212113753
-20130212113758
-20130212113801
-20130212113837
-20130212113847
-20130212113853
-20130212113905
-20130212113930
-20130212114654
-20130212114806
-20130212114808
-20130212114814
-20130212114829
-20130212114910
-20130212114912
-20130212114917
-20130212114945
-20130212114959
-20130212115000
-20130212115007
-20130212115022
-20130212115031
-20130212115145
-20130212115155
-20130212115158
-20130212115258
-20130212115305
-20130212115312
-20130212115318
-20130212115532
-20130212115618
-20130212115637
-20130212115639
-20130212115650
-20130212115655
-20130212115656
-20130212115716
-20130212120627
-20130212125000
-20130212125002
-20130212125008
-20130212125013
-20130212125021
-20130212125026
-20130212132109
-20130212132113
-20130212132133
-20130212132137
-20130212132139
-20130212132206
-20130212132213
-20130212132247
-20130212132303
-20130212132316
-20130212132319
-20130212132326
-20130212132327
-20130212132340
-20130212132341
-20130212132342
-20130212132351
-20130212133323
-20130212133329
-20130212142758
-20130212142803
-20130212142814
-20130212142824
-20130212142834
-20130212172005
-20130212172036
-20130212172043
-20130212172100
-20130212172116
-20130212172122
-20130212172137
-20130212172153
-20130212172217
-20130212172235
-20130212172241
-20130212172251
-20130212172305
-20130212172311
-20130212172319
-20130212172335
-20130212172407
-20130212172413
-20130212172439
-20130212172502
-20130212172511
-20130212172521
-20130212172547
-20130212172557
-20130212172619
-20130212172630
-20130212172639
-20130212172650
-20130212172711
-20130212172741
-20130212172759
-20130212172803
-20130212172816
-20130212172835
-20130212172840
-20130212173235
-20130212173240
-20130212173407
-20130212173556
-20130212173631
-20130212173647
-20130212173727
-20130212173741
-20130212173756
-20130212173758
-20130212173809
-20130212173822
-20130212173929
-20130212173937
-20130212173947
-20130212173955
-20130212174001
-20130212174006
-20130212174009
-20130212174058
-20130212174116
-20130212174118
-20130212174121
-20130212174123
-20130212174127
-20130212174250
-20130212174259
-20130212174304
-20130212174334
-20130212174404
-20130212174406
-20130212174413
-20130212174425
-20130212174511
-20130212174547
-20130212174602
-20130212174613
-20130212174614
-20130212174619
-20130212174632
-20130212174641
-20130212174700
-20130212174704
-20130212174711
-20130212174729
-20130212174934
-20130212175645
-20130212175717
-20130212175742
-20130212175749
-20130212175758
-20130212175808
-20130212175813
-20130212175825
-20130212175900
-20130212175943
-20130212175957
-20130212180002
-20130212180057
-20130212180104
-20130212180140
-20130212180153
-20130212180208
-20130212180212
-20130212180238
-20130212180320
-20130212180346
-20130212180537
-20130212180541
-20130212180625
-20130212180639
-20130212180726
-20130212180754
-20130212180756
-20130212180807
-20130212180818
-20130212180852
-20130212180906
-20130212180934
-20130212180948
-20130212181013
-20130212181053
-20130212181103
-20130212181106
-20130212182945
-20130212182953
-20130212182957
-20130212183019
-20130212183034
-20130212183438
-20130212183447
-20130212183501
-20130212183504
-20130212183512
-20130212183520
-20130212183523
-20130212183555
-20130212183602
-20130212183610
-20130212183616
-20130212183622
-20130212183632
-20130212183640
-20130212183645
-20130212183650
-20130212183656
-20130212183717
-20130212183722
-20130212183728
-20130212183731
-20130212183754
-20130212183917
-20130212183953
-20130212184013
-20130212184029
-20130212184120
-20130212184127
-20130212184142
-20130212184302
-20130212184309
-20130212184323
-20130212184325
-20130212184340
-20130212184341
-20130212184502
-20130212184505
-20130212184520
-20130212184821
-20130212184852
-20130212184945
-20130212185447
-20130212185735
-20130212185740
-20130212185748
-20130212185816
-20130212185819
-20130212185824
-20130212185825
-20130212185827
-20130212185828
-20130212185832
-20130212185838
-20130212185842
-20130212185851
-20130212190000
-20130212190057
-20130212190110
-20130212190232
-20130212190334
-20130212190339
-20130212190415
-20130212190606
-20130212190611
-20130212190615
-20130212190723
-20130212190738
-20130212190916
-20130212192003
-20130212192127
-20130212192146
-20130212192147
-20130212192207
-20130212192218
-20130212192231
-20130212192241
-20130212192349
-20130212192351
-20130212193148
-20130212193244
-20130212193246
-20130212204205
-20130212204217
-20130212204232
-20130212205935
-20130212205939
-20130213020819
-20130213020827
-20130213021424
-20130213021453
-20130213021521
-20130213021641
-20130213022509
-20130213022717
-20130213035649
-20130213035725
-20130213040043
-20130213040047
-20130213040138
-20130213040143
-20130213040654
-20130213040705
-20130213040719
-20130213040810
-20130213040824
-20130213040902
-20130213040908
-20130213041122
-20130213041134
-20130213041148
-20130213041212
-20130213105325
-20130213105334
-20130213105507
-20130213105519
-20130213105522
-20130213105547
-20130213105550
-20130213105554
-20130213105556
-20130213105558
-20130213105611
-20130213112818
-20130213152711
-20130213152759
-20130213152846
-20130213152931
-20130213152932
-20130213152933
-20130213152939
-20130213152941
-20130213153025
-20130213153040
-20130213153349
-20130213153354
-20130213163757
-20130213163809
-20130213163841
-20130213163842
-20130213163852
-20130213163907
-20130213163913
-20130213163927
-20130213163950
-20130213164013
-20130213164207
-20130213164217
-20130213164219
-20130213164230
-20130213164305
-20130213164359
-20130213170116
-20130213170118
-20130213170121
-20130213170129
-20130213170132
-20130213170555
-20130213170600
-20130213170602
-20130213170607
-20130213170614
-20130213170709
-20130213170715
-20130213171440
-20130213171455
-20130213171500
-20130213171517
-20130213193155
-20130213193158
-20130213193204
-20130213193224
-20130213193228
-20130213194126
-20130213194129
-20130213194215
-20130213194217
-20130213194223
-20130213194227
-20130213194232
-20130213194250
-20130213194255
-20130213194256
-20130213194308
-20130213194311
-20130213194321
-20130213194325
-20130213194335
-20130213194417
-20130213194429
-20130213194447
-20130213194504
-20130213194511
-20130213194518
-20130213195210
-20130213195330
-20130213195344
-20130213195349
-20130213195418
-20130213200131
-20130214005331
-20130214010559
-20130214010602
-20130214112149
-20130214112153
-20130214153546
-20130214153550
-20130214153601
-20130214153612
-20130214153641
-20130214195656
-20130214195702
-20130214230839
-20130214230854
-20130214231001
-20130214231117
-20130214232754
-20130214232759
-20130214232830
-20130215000231
-20130215020104
-20130215020139
-20130215020150
-20130215020153
-20130215020154
-20130215020224
-20130215020251
-20130215020420
-20130215020433
-20130215020642
-20130215020704
-20130215020727
-20130215020731
-20130215020910
-20130215021031
-20130215021041
-20130215021106
-20130215021108
-20130215021115
-20130215021128
-20130215021134
-20130215021147
-20130215021228
-20130215021236
-20130215021430
-20130215021442
-20130215021555
-20130215021602
-20130215021606
-20130215120312
-20130215120315
-20130215121035
-20130215121036
-20130215121101
-20130215121105
-20130215121131
-20130215121134
-20130215121140
-20130215121220
-20130215121225
-20130215121234
-20130215121255
-20130215121303
-20130215122935
-20130215122937
-20130215142547
-20130215142552
-20130215142559
-20130215142614
-20130215142616
-20130215142621
-20130215142628
-20130215142654
-20130215142658
-20130215142705
-20130215142710
-20130215142733
-20130215142748
-20130215142801
-20130215142812
-20130215142837
-20130215142848
-20130215143041
-20130215143046
-20130215143057
-20130215143101
-20130215143259
-20130215150330
-20130215150341
-20130215150415
-20130215150419
-20130215150423
-20130215150431
-20130215150642
-20130215150657
-20130215150659
-20130215150728
-20130215150736
-20130215150744
-20130215150916
-20130215150921
-20130215150923
-20130215150925
-20130215150931
-20130215150935
-20130215150942
-20130215150945
-20130215150954
-20130215151006
-20130215151013
-20130215151015
-20130215151019
-20130215151022
-20130215151031
-20130215151033
-20130215151038
-20130215151102
-20130215151103
-20130215151126
-20130215151132
-20130215151137
-20130215151145
-20130215151151
-20130215151711
-20130215153523
-20130215153550
-20130215155102
-20130215155110
-20130215155116
-20130215155119
-20130215155121
-20130215155123
-20130215155125
-20130215155628
-20130215155702
-20130215155719
-20130329154102
-20130403233050
-20130406181427
-20130409102714
-20130409104716
-20130409105600
-20130409114758
-20130409114800
-20130412113733
-20130412113741
-20130412113747
-20130412113754
-20130412113805
-20130412113825
-20130412113841
-20130412114044
-20130412114054
-20130412114100
-20130412115753
-20130413114446
-20130425173357
-20130517191844
-20130517192007
-20130517192010
-20130517192013
-20130519053448
-20130519053459
-20130519053502
-20130519053507
-20130522213130
-20130619135528
-20130619140440
-20130619140558
